kinematics:
  shoulder:
    x: 0
    y: 0
    z: 0.152069083897824
    roll: -0
    pitch: 0
    yaw: 4.602220727042321e-05
  upper_arm:
    x: 1.310757530827802e-05
    y: 0
    z: 0
    roll: 1.570722988792203
    pitch: 0
    yaw: -4.730224394400296e-06
  forearm:
    x: -0.2441735820214002
    y: 0
    z: 0
    roll: 3.140795113188335
    pitch: 3.138367723025878
    yaw: -3.141554139524509
  wrist_1:
    x: -0.2131912485873702
    y: 5.775613068043691e-05
    z: 0.113058049516806
    roll: 3.141081799865507
    pitch: 3.140643197508778
    yaw: -3.141509372433945
  wrist_2:
    x: 3.779376514092558e-05
    y: -0.08534075303249954
    z: -3.181827805457121e-05
    roll: 1.571169164805456
    pitch: 0
    yaw: -1.789419955968653e-05
  wrist_3:
    x: -3.196512797550042e-05
    y: 0.08227857284895301
    z: -8.769889354550644e-05
    roll: 1.569730449528222
    pitch: 3.141592653589793
    yaw: -3.14158778248515
  hash: calib_10519947849997203937