kinematics:
  shoulder:
    x: 0
    y: 0
    z: 0.1521582326396809
    roll: -0
    pitch: 0
    yaw: -2.781180488913022e-05
  upper_arm:
    x: 4.120027196612004e-07
    y: 0
    z: 0
    roll: 1.570590859897081
    pitch: 0
    yaw: 5.895418534354116e-05
  forearm:
    x: -0.2437725474291566
    y: 0
    z: 0
    roll: 3.13742909508088
    pitch: -3.141521935579281
    yaw: -3.141529323556725
  wrist_1:
    x: -0.2133015429769649
    y: -0.0002365836299406559
    z: 0.112487897064796
    roll: 0.002103188763226359
    pitch: 0.0003375759864759452
    yaw: 3.711005620229347e-05
  wrist_2:
    x: 2.005319702710977e-05
    y: -0.08535684398212251
    z: -4.621425082034824e-05
    roll: 1.571337750823113
    pitch: 0
    yaw: -4.608595208711085e-05
  wrist_3:
    x: -3.62296481827852e-05
    y: 0.08242479966584522
    z: -1.81561491405527e-05
    roll: 1.570576051478238
    pitch: 3.141592653589793
    yaw: -3.141584031642095
  hash: calib_18038137945231541490