kinematics:
  shoulder:
    x: 0
    y: 0
    z: 0.1806594611202063
    roll: -0
    pitch: 0
    yaw: -3.479088464767438e-07
  upper_arm:
    x: 1.030860272625797e-05
    y: 0
    z: 0
    roll: 1.570094891658216
    pitch: 0
    yaw: -5.97257395048083e-07
  forearm:
    x: -0.6122893753741564
    y: 0
    z: 0
    roll: 0.0004898575558505094
    pitch: 0.0003555665478527521
    yaw: 2.914663120655477e-07
  wrist_1:
    x: -0.5713577958026763
    y: -1.291106690599996e-05
    z: 0.1743446097686833
    roll: 7.405486696450277e-05
    pitch: -0.001204391246267095
    yaw: -1.108937208739226e-06
  wrist_2:
    x: -7.921113093862862e-05
    y: -0.1198343903013287
    z: -6.88477876146476e-05
    roll: 1.57137085118532
    pitch: 0
    yaw: 4.6516088263171e-07
  wrist_3:
    x: -4.738248004498358e-05
    y: 0.1156705826767784
    z: 6.526504273007299e-05
    roll: 1.571360558722271
    pitch: 3.141592653589793
    yaw: -3.141592552511112
  hash: calib_1341860373257496259